[0m[38;2;0;0;0m [38;2;0;0;0m                                                [38;2;0;0;0m [0m
[0m[38;2;0;0;0m                  [38;2;0;0;0m [38;2;10;9;11m [38;2;23;21;25m [38;2;32;30;35m.[38;2;39;36;43m.[38;2;44;41;48m.[38;2;48;44;52m.[38;2;49;45;53m.[38;2;47;44;52m.[38;2;42;40;47m.[38;2;36;34;39m.[38;2;26;24;29m [38;2;13;12;14m [38;2;0;0;0m [38;2;0;0;0m                  [0m
[0m[38;2;0;0;0m                [38;2;6;6;7m [38;2;20;18;24m [38;2;53;49;60m.[38;2;65;61;72m.[38;2;104;98;100m:[38;2;171;161;149mx[38;2;85;79;87m,[38;2;65;60;72m.[38;2;65;60;72m..[38;2;65;60;72m.[38;2;67;62;74m'[38;2;201;189;170mO[38;2;166;157;146mx[38;2;71;66;76m'[38;2;37;34;41m.[38;2;30;28;33m.[38;2;7;6;7m [38;2;0;0;0m                [0m
[0m[38;2;0;0;0m              [38;2;0;0;0m [38;2;22;20;25m [38;2;47;43;56m.[38;2;52;47;60m.[38;2;65;59;71m.[38;2;143;135;129mo[38;2;226;214;189mX[38;2;238;224;197mX[38;2;163;153;143md[38;2;87;81;88m,[38;2;65;60;72m.[38;2;65;61;72m.[38;2;85;81;88m,[38;2;155;147;138md[38;2;240;226;198mN[38;2;217;204;182mK[38;2;190;179;163mO[38;2;67;61;73m'[38;2;65;61;72m.[38;2;61;58;69m.[38;2;7;6;7m [38;2;0;0;0m               [0m
[0m[38;2;0;0;0m              [38;2;4;4;5m [38;2;41;37;48m.[38;2;48;44;57m.[38;2;60;55;67m.[38;2;65;60;72m.[38;2;65;60;72m.[38;2;65;61;73m.[38;2;68;63;75m'[38;2;122;114;113mc[38;2;196;185;167mO[38;2;196;185;167mO[38;2;187;176;159mk[38;2;210;198;178m0[38;2;141;132;127mo[38;2;77;71;80m'[38;2;66;61;72m.[38;2;66;60;72m.[38;2;65;60;72m.[38;2;65;60;72m.[38;2;67;62;73m'[38;2;52;48;56m.[38;2;54;28;28m.[38;2;7;4;4m [38;2;5;2;2m [38;2;0;0;0m            [0m
[0m[38;2;0;0;0m              [38;2;14;13;17m [38;2;48;44;57m.[38;2;54;46;60m.[38;2;66;54;66m.[38;2;89;66;77m'[38;2;93;68;78m,[38;2;97;70;80m,[38;2;140;110;110mc[38;2;186;170;157mk[38;2;219;207;183mK[38;2;189;156;144mx[38;2;184;152;142mx[38;2;208;194;175m0[38;2;184;167;154mk[38;2;145;110;111mc[38;2;109;74;84m,[38;2;104;72;82m,[38;2;101;72;82m,[38;2;89;68;79m'[38;2;69;61;73m'[38;2;65;60;72m.[38;2;197;103;105ml[38;2;188;96;98ml[38;2;196;100;102ml[38;2;90;47;47m.[38;2;0;0;0m           [0m
[0m[38;2;0;0;0m            [38;2;2;2;2m [38;2;6;5;6m [38;2;44;41;49m.[38;2;65;57;68m.[38;2;77;63;74m'[38;2;77;64;75m'[38;2;150;141;133mo[38;2;204;193;173m0[38;2;223;211;187mK[38;2;187;176;161mk[38;2;116;109;109mc[38;2;67;62;73m'[38;2;65;60;72m.[38;2;76;64;75m'[38;2;76;64;75m'[38;2;103;97;100m:[38;2;184;173;158mk[38;2;227;213;188mK[38;2;225;213;188mK[38;2;114;106;107m:[38;2;75;63;74m'[38;2;91;69;80m,[38;2;88;67;77m'[38;2;129;78;86m;[38;2;164;87;94mc[38;2;191;97;101ml[38;2;124;63;64m,[38;2;0;0;0m [38;2;0;0;0m          [0m
[0m[38;2;0;0;0m         [38;2;0;0;0m [38;2;16;14;17m [38;2;45;42;49m.[38;2;63;59;69m.[38;2;62;58;69m.[38;2;55;50;61m.[38;2;57;53;65m.[38;2;57;53;65m.[38;2;55;51;63m.[38;2;53;50;62m.[38;2;107;101;101m:[38;2;192;181;163mO[38;2;101;95;97m;[38;2;107;100;101m:[38;2;116;108;107m:[38;2;121;112;110mc[38;2;122;113;111mc[38;2;119;110;109mc[38;2;112;104;104m:[38;2;113;105;105m:[38;2;169;158;145mx[38;2;89;83;87m,[38;2;53;49;62m.[38;2;55;51;63m.[38;2;57;52;65m.[38;2;59;55;67m.[38;2;62;57;69m.[38;2;64;60;72m.[38;2;70;62;73m'[38;2;59;45;51m.[38;2;18;17;20m [38;2;0;0;0m [38;2;0;0;0m         [0m
[0m[38;2;0;0;0m         [38;2;1;1;1m [38;2;63;59;71m.[38;2;57;53;65m.[38;2;52;47;60m.[38;2;49;44;57m.[38;2;48;44;57m.[38;2;48;44;57m.[38;2;97;91;93m;[38;2;169;159;146mx[38;2;158;148;137md[38;2;94;87;90m;[38;2;77;72;78m'[38;2;102;96;97m;[38;2;201;190;171m0[38;2;255;240;210mW[38;2;255;240;210mW[38;2;255;240;210mW[38;2;255;240;210mW[38;2;196;185;166mO[38;2;93;87;90m;[38;2;67;63;71m'[38;2;85;80;83m,[38;2;163;153;142md[38;2;198;185;167mO[38;2;139;128;123ml[38;2;51;46;58m.[38;2;48;44;57m.[38;2;48;44;57m.[38;2;46;43;54m.[38;2;54;50;62m.[38;2;63;59;70m.[38;2;15;15;15m [38;2;0;0;0m         [0m
[0m[38;2;0;0;0m         [38;2;0;0;0m [38;2;17;17;17m [38;2;32;32;32m [38;2;8;7;9m [38;2;48;44;57m.[38;2;39;36;46m.[38;2;45;41;54m.[38;2;199;186;167mO[38;2;255;240;209mW[38;2;134;126;121ml[38;2;49;45;58m.[38;2;49;45;58m.[38;2;49;46;59m.[38;2;147;140;131mo[38;2;237;223;196mX[38;2;198;186;167mO[38;2;203;191;171m0[38;2;233;219;193mX[38;2;158;149;138md[38;2;52;48;60m.[38;2;48;44;57m.[38;2;50;47;59m.[38;2;138;131;124ml[38;2;247;233;204mN[38;2;233;219;194mX[38;2;49;45;58m.[38;2;32;30;39m.[38;2;26;24;30m [38;2;72;52;64m.[38;2;55;37;44m.[38;2;13;13;13m [38;2;0;0;0m [38;2;0;0;0m         [0m
[0m[38;2;0;0;0m  [38;2;2;2;2m [38;2;0;0;0m         [38;2;0;0;0m [38;2;6;6;6m [38;2;6;6;6m [38;2;16;16;16m [38;2;5;4;4m [38;2;236;224;193mX[38;2;245;232;202mN[38;2;215;205;181mK[38;2;198;189;169mO[38;2;224;213;188mK[38;2;246;233;204mN[38;2;241;229;201mN[38;2;224;212;188mK[38;2;225;214;189mK[38;2;239;227;199mN[38;2;245;232;203mN[38;2;234;222;196mX[38;2;174;168;150mx[38;2;197;190;166mO[38;2;189;182;159mO[38;2;225;215;188mX[38;2;15;15;13m [38;2;11;11;11m [38;2;4;4;4m [38;2;1;1;1m [38;2;43;22;23m [38;2;82;43;44m.[38;2;0;0;0m       [38;2;2;2;2m [38;2;35;33;36m.[38;2;0;0;0m [38;2;0;0;0m [0m
[0m[38;2;0;0;0m [38;2;10;9;10m [38;2;128;122;135ml[38;2;70;67;74m'[38;2;2;2;2m [38;2;0;0;0m           [38;2;0;0;0m [38;2;99;99;99m [38;2;176;166;144mx[38;2;224;214;187mK[38;2;238;227;198mN[38;2;232;221;193mX[38;2;250;237;207mN[38;2;233;222;194mX[38;2;254;241;211mW[38;2;228;218;191mX[38;2;254;240;210mW[38;2;222;212;186mK[38;2;246;233;204mN[38;2;227;216;189mX[38;2;245;233;202mN[38;2;109;103;90m:[38;2;106;106;106m [38;2;0;0;0m [38;2;0;0;0m   [38;2;11;6;6m [38;2;101;52;54m'[38;2;0;0;0m [38;2;0;0;0m     [38;2;27;26;28m.[38;2;113;107;118m:[38;2;125;120;132mc[38;2;38;38;38m [38;2;0;0;0m [0m
[0m[38;2;0;0;0m [38;2;10;10;10m [38;2;73;73;73m [38;2;67;64;71m'[38;2;69;66;73m'[38;2;61;58;64m.[38;2;3;3;4m [38;2;0;0;0m           [38;2;17;17;17m [38;2;83;83;83m [38;2;152;142;127mo[38;2;169;160;147mx[38;2;194;184;166mO[38;2;189;180;163mO[38;2;229;217;191mX[38;2;226;214;188mX[38;2;183;174;158mk[38;2;171;163;149mx[38;2;148;141;132mo[38;2;122;115;103mc[38;2;5;5;4m [38;2;4;4;4m [38;2;0;0;0m     [38;2;0;0;0m [38;2;33;33;33m [38;2;31;31;31m [38;2;5;5;5m [38;2;0;0;0m [38;2;0;0;0m [38;2;33;31;34m.[38;2;96;91;101m;[38;2;23;22;25m [38;2;106;106;106m [38;2;41;41;41m [38;2;0;0;0m [38;2;0;0;0m [0m
[0m[38;2;0;0;0m   [38;2;7;7;7m [38;2;30;30;30m [38;2;14;13;14m [38;2;130;123;137ml[38;2;82;78;87m,[38;2;12;11;12m [38;2;0;0;0m [38;2;1;1;1m [38;2;20;18;23m [38;2;3;3;3m [38;2;0;0;0m   [38;2;0;0;0m [38;2;23;21;19m [38;2;35;32;29m.[38;2;61;61;61m [38;2;23;21;22m [38;2;109;83;73m;[38;2;146;136;128mo[38;2;126;118;115mc[38;2;190;178;160mk[38;2;200;187;166mO[38;2;116;110;107mc[38;2;143;135;126mo[38;2;123;99;76m:[38;2;28;25;24m [38;2;62;62;62m [38;2;18;16;14m [38;2;40;36;31m.[38;2;5;5;4m [38;2;0;0;0m  [38;2;0;0;0m [38;2;4;3;4m [38;2;27;25;32m [38;2;19;17;22m [38;2;13;12;14m [38;2;61;58;64m.[38;2;113;107;118m:[38;2;67;64;71m'[38;2;87;87;87m [38;2;19;19;19m [38;2;0;0;0m    [0m
[0m[38;2;0;0;0m     [38;2;1;1;1m [38;2;34;34;34m [38;2;79;79;79m [38;2;9;8;9m [38;2;109;103;116m:[38;2;45;42;53m.[38;2;48;44;58m.[38;2;43;39;51m.[38;2;35;32;42m.[38;2;34;30;29m.[38;2;36;32;29m.[38;2;88;88;88m [38;2;83;83;83m [38;2;4;4;4m [38;2;0;0;0m [38;2;62;49;47m.[38;2;111;87;78m;[38;2;142;134;126mo[38;2;175;167;152mx[38;2;218;207;181mK[38;2;220;209;184mK[38;2;179;171;155mk[38;2;145;139;129mo[38;2;130;110;87mc[38;2;88;70;57m'[38;2;2;2;2m [38;2;0;0;0m [38;2;45;45;45m [38;2;96;96;96m [38;2;63;63;63m [38;2;32;30;28m.[38;2;51;47;54m.[38;2;47;43;56m.[38;2;53;48;61m.[38;2;48;44;58m.[38;2;73;67;81m'[38;2;56;54;60m.[38;2;48;48;48m [38;2;8;8;8m [38;2;0;0;0m      [0m
[0m[38;2;0;0;0m        [38;2;11;11;11m [38;2;31;29;38m.[38;2;20;18;17m [38;2;122;106;106mc[38;2;87;78;85m,[38;2;47;41;49m.[38;2;25;22;24m [38;2;52;51;46m.[38;2;5;4;3m [38;2;0;0;0m  [38;2;24;19;13m [38;2;109;85;68m;[38;2;134;107;85mc[38;2;175;142;105md[38;2;152;120;88ml[38;2;204;170;127mk[38;2;203;169;128mk[38;2;144;113;90mc[38;2;155;121;96ml[38;2;183;146;96md[38;2;169;129;77mo[38;2;112;86;50m,[38;2;0;0;0m  [38;2;1;1;1m [38;2;97;93;79m;[38;2;6;6;7m [38;2;40;37;44m.[38;2;104;95;97m;[38;2;8;7;7m [38;2;101;101;101m [38;2;40;40;40m [38;2;22;22;22m [38;2;0;0;0m [38;2;0;0;0m       [0m
[0m[38;2;0;0;0m         [38;2;3;3;3m [38;2;0;0;0m [38;2;14;14;14m [38;2;56;56;56m [38;2;12;12;12m [38;2;3;3;3m [38;2;48;48;48m [38;2;5;5;5m [38;2;0;0;0m [38;2;16;12;6m [38;2;193;140;77md[38;2;167;125;79ml[38;2;180;136;80mo[38;2;194;148;82md[38;2;181;137;80mo[38;2;168;125;79ml[38;2;155;114;80ml[38;2;136;98;77m:[38;2;110;80;73m;[38;2;183;134;85mo[38;2;229;170;85mk[38;2;241;180;88mO[38;2;7;5;3m [38;2;0;0;0m [38;2;0;0;0m [38;2;25;25;25m [38;2;3;3;3m [38;2;5;5;5m [38;2;18;18;18m [38;2;0;0;0m [38;2;0;0;0m           [0m
[0m[38;2;0;0;0m              [38;2;10;8;4m [38;2;79;60;29m.[38;2;101;75;41m,[38;2;145;105;60mc[38;2;214;152;91mx[38;2;204;141;101md[38;2;55;47;58m.[38;2;49;44;58m.[38;2;48;44;58m.[38;2;45;42;54m.[38;2;35;35;35m [38;2;27;27;27m [38;2;19;18;23m [38;2;48;44;58m.[38;2;155;115;82ml[38;2;234;173;92mO[38;2;226;163;86mk[38;2;84;61;32m.[38;2;0;0;0m                  [0m
[0m[38;2;0;0;0m              [38;2;22;22;22m [38;2;7;5;3m [38;2;194;138;95md[38;2;207;144;101mx[38;2;126;85;62m;[38;2;98;98;98m [38;2;29;29;29m [38;2;36;33;38m.[38;2;11;10;12m [38;2;28;28;28m [38;2;0;0;0m [38;2;0;0;0m [38;2;12;12;12m [38;2;34;34;34m [38;2;92;74;64m,[38;2;5;4;3m [38;2;44;44;44m [38;2;27;27;27m [38;2;0;0;0m                  [0m
[0m[38;2;0;0;0m               [38;2;3;3;3m [38;2;33;33;33m [38;2;21;15;11m [38;2;43;36;39m.[38;2;40;36;47m.[38;2;44;41;53m.[38;2;60;55;64m.[38;2;21;19;23m [38;2;0;0;0m    [38;2;3;3;3m [38;2;60;54;62m.[38;2;47;43;56m.[38;2;43;40;51m.[38;2;34;32;41m.[38;2;13;12;15m [38;2;0;0;0m                 [0m
[0m[38;2;0;0;0m          [38;2;14;14;14m [38;2;39;39;39m [38;2;49;49;49m [38;2;57;57;57m [38;2;63;63;63m [38;2;67;67;67m [38;2;69;69;69m [38;2;77;77;77m [38;2;76;76;76m [38;2;77;77;77m [38;2;79;79;79m [38;2;83;83;83m [38;2;85;85;85m [38;2;85;85;85m [38;2;85;85;85m [38;2;86;86;86m [38;2;86;86;86m [38;2;87;87;87m [38;2;86;86;86m [38;2;79;79;79m [38;2;77;77;77m [38;2;76;76;76m [38;2;76;76;76m [38;2;68;68;68m [38;2;68;68;68m [38;2;64;64;64m [38;2;58;58;58m [38;2;51;51;51m [38;2;41;41;41m [38;2;19;19;19m [38;2;0;0;0m          [0m
[0m[38;2;0;0;0m [38;2;0;0;0m                                                [38;2;0;0;0m [0m
