[0m[38;2;255;255;255m                  [38;2;116;116;116m  [38;2;50;50;49m.[38;2;145;137;116mo[38;2;180;162;116mx[38;2;201;177;116mk[38;2;210;184;116mO[38;2;207;182;116mO[38;2;194;173;116mk[38;2;170;155;116md[38;2;133;128;116ml[38;2;18;18;18m [38;2;116;116;116m     [38;2;123;123;123m [38;2;255;255;255m              [0m
[0m[38;2;202;202;202m [38;2;136;136;136m               [38;2;60;60;59m.[38;2;192;176;136mk[38;2;113;81;0m,[38;2;158;114;0mc[38;2;193;139;0mo[38;2;208;150;0md[38;2;208;150;0mdddddd[38;2;207;149;0md[38;2;184;133;0ml[38;2;148;107;0m:[38;2;101;73;0m'[38;2;40;29;0m.[38;2;0;0;0m [38;2;0;0;0m [38;2;12;12;12m [38;2;255;255;255m              [0m
[0m[38;2;140;140;140m [38;2;0;0;0m             [38;2;4;3;0m [38;2;95;69;0m'[38;2;174;125;0ml[38;2;188;136;0mo[38;2;203;146;0md[38;2;196;141;0mo[38;2;200;144;0mo[38;2;208;150;0mdddddddd[38;2;198;143;0mo[38;2;208;150;0md[38;2;197;142;0mo[38;2;192;138;0mo[38;2;165;119;0mc[38;2;64;46;0m.[38;2;2;2;2m [38;2;255;255;255m              [0m
[0m[38;2;140;140;140m [38;2;0;0;0m            [38;2;31;22;0m [38;2;157;113;0mc[38;2;191;138;0mo[38;2;187;135;0mo[38;2;184;132;0ml[38;2;208;150;0md[38;2;201;145;0md[38;2;206;148;0md[38;2;208;150;0md[38;2;195;140;0mo[38;2;180;130;0ml[38;2;208;150;0mddddddddd[38;2;204;147;0md[38;2;181;130;0ml[38;2;137;101;8m:[38;2;52;52;51m.[38;2;166;166;166m         [38;2;242;242;242m [38;2;255;255;255m   [0m
[0m[38;2;140;140;140m [38;2;0;0;0m           [38;2;29;21;0m [38;2;175;126;0ml[38;2;188;134;0mo[38;2;170;111;0mc[38;2;152;88;0m;[38;2;141;72;0m,[38;2;142;67;0m,[38;2;134;57;0m'[38;2;128;50;0m'[38;2;125;45;0m'[38;2;114;37;0m.[38;2;120;41;0m.[38;2;125;45;0m'[38;2;128;49;0m'[38;2;133;56;0m'[38;2;140;65;0m,[38;2;149;76;0m;[38;2;160;91;0m:[38;2;173;109;0mc[38;2;188;130;0ml[38;2;199;144;0mo[38;2;188;135;0mo[38;2;208;150;0md[38;2;195;140;0mo[38;2;111;80;0m,[38;2;0;0;0m [38;2;0;0;0m        [38;2;219;219;219m [38;2;255;255;255m   [0m
[0m[38;2;140;140;140m [38;2;0;0;0m          [38;2;5;0;0m [38;2;120;47;0m.[38;2;120;26;0m.[38;2;105;3;0m.[38;2;108;7;0m.[38;2;113;15;0m.[38;2;116;21;0m.[38;2;119;25;0m.[38;2;120;27;0m.[38;2;121;27;0m.[38;2;120;26;0m.[38;2;118;22;0m.[38;2;114;17;0m.[38;2;110;11;0m.[38;2;106;3;0m.[38;2;109;1;0m.[38;2;110;1;0m....[38;2;110;1;0m.[38;2;111;9;0m.[38;2;129;38;0m.[38;2;149;69;0m,[38;2;146;90;0m;[38;2;182;131;0ml[38;2;16;12;0m [38;2;0;0;0m        [38;2;219;219;219m [38;2;255;255;255m   [0m
[0m[38;2;140;140;140m [38;2;0;0;0m    [38;2;0;0;0m [38;2;9;6;0m [38;2;41;30;0m.[38;2;72;52;0m.[38;2;99;72;0m'[38;2;125;90;0m;[38;2;154;106;0m:[38;2;185;121;0ml[38;2;192;133;0mo[38;2;200;144;0mo[38;2;201;145;0md[38;2;194;140;0mo[38;2;198;143;0mo[38;2;194;140;0mo[38;2;196;141;0mo[38;2;198;143;0mo[38;2;202;145;0md[38;2;206;148;0md[38;2;208;150;0mdd[38;2;204;147;0md[38;2;195;137;0mo[38;2;187;124;0ml[38;2;177;109;0mc[38;2;167;92;0m:[38;2;154;72;0m;[38;2;139;50;0m'[38;2;121;24;0m.[38;2;115;14;0m.[38;2;109;1;0m.[38;2;110;1;0m.[38;2;113;16;0m.[38;2;35;12;0m [38;2;0;0;0m        [38;2;219;219;219m [38;2;255;255;255m   [0m
[0m[38;2;140;140;140m [38;2;0;0;0m [38;2;44;32;0m.[38;2;93;67;0m'[38;2;126;91;0m;[38;2;122;88;0m;[38;2;119;86;0m,[38;2;113;82;0m,[38;2;104;75;0m'[38;2;84;61;0m.[38;2;63;45;0m.[38;2;41;30;0m.[38;2;18;13;0m [38;2;18;13;0m [38;2;23;17;0m [38;2;0;0;0m [38;2;0;0;0m      [38;2;3;2;0m [38;2;17;12;0m [38;2;40;29;0m [38;2;57;41;0m.[38;2;60;43;0m.[38;2;69;50;0m.[38;2;96;70;0m'[38;2;121;87;0m;[38;2;148;107;0m:[38;2;167;121;0mc[38;2;183;132;0ml[38;2;204;147;0md[38;2;195;137;0mo[38;2;175;111;0mc[38;2;155;84;0m;[38;2;109;58;0m'[38;2;43;31;0m.[38;2;7;5;0m [38;2;0;0;0m      [38;2;219;219;219m [38;2;255;255;255m   [0m
[0m[38;2;67;64;58m.[38;2;115;83;0m,[38;2;79;57;0m.[38;2;39;28;0m [38;2;4;3;0m [38;2;0;0;0m                            [38;2;14;10;0m [38;2;61;44;0m.[38;2;79;57;0m.[38;2;96;69;0m'[38;2;130;94;0m;[38;2;146;105;0m:[38;2;174;125;0ml[38;2;169;122;0ml[38;2;133;96;0m;[38;2;94;68;0m'[38;2;56;40;0m.[38;2;17;12;0m [38;2;0;0;0m [38;2;219;219;219m [38;2;255;255;255m   [0m
[0m[38;2;165;165;165m [38;2;16;12;0m [38;2;0;0;0m                      [38;2;1;1;1m [38;2;4;3;2m [38;2;0;0;0m              [38;2;13;9;0m [38;2;49;36;0m.[38;2;75;54;0m.[38;2;95;69;0m'[38;2;149;107;0m:[38;2;148;107;0m:[38;2;163;130;46ml[38;2;145;120;53mc[38;2;66;60;44m.[38;2;215;215;215m [0m
[0m[38;2;140;140;140m [38;2;0;0;0m     [38;2;0;0;0m [38;2;0;0;0m [38;2;0;0;0m      [38;2;2;2;1m [38;2;15;11;7m [38;2;0;0;0m [38;2;0;0;0m  [38;2;1;0;0m [38;2;21;16;10m [38;2;58;45;27m.[38;2;102;79;48m,[38;2;152;118;71ml[38;2;174;135;81mo[38;2;175;135;81mo[38;2;157;121;73ml[38;2;100;78;47m,[38;2;47;37;22m.[38;2;5;4;3m [38;2;0;0;0m    [38;2;19;14;9m [38;2;3;2;1m [38;2;0;0;0m          [38;2;13;9;0m [38;2;88;64;0m.[38;2;60;44;0m.[38;2;206;206;206m [0m
[0m[38;2;140;140;140m [38;2;0;0;0m        [38;2;0;0;0m [38;2;0;0;0m [38;2;0;0;0m [38;2;30;23;14m [38;2;71;55;33m.[38;2;19;15;9m [38;2;186;144;86md[38;2;213;165;99mk[38;2;204;158;95mx[38;2;202;156;94mx[38;2;211;164;98mk[38;2;222;172;103mkkkk[38;2;171;132;79mo[38;2;198;153;92mx[38;2;215;167;100mk[38;2;222;172;103mkk[38;2;213;165;99mk[38;2;155;120;72ml[38;2;118;92;56m;[38;2;110;86;52m;[38;2;142;110;67mc[38;2;146;113;68mc[38;2;0;0;0m [38;2;0;0;0m [38;2;0;0;0m [38;2;0;0;0m           [38;2;204;204;204m [0m
[0m[38;2;140;140;140m [38;2;0;0;0m         [38;2;0;0;0m [38;2;1;1;1m [38;2;186;142;83md[38;2;137;94;44m:[38;2;139;101;54m:[38;2;156;120;71ml[38;2;216;167;100mk[38;2;222;172;103mkkk[38;2;218;169;101mk[38;2;201;156;93mx[38;2;203;157;94mx[38;2;203;157;94mx[38;2;203;157;94mx[38;2;203;157;94mx[38;2;203;157;94mx[38;2;202;157;94mx[38;2;201;156;93mx[38;2;204;158;95mx[38;2;222;172;103mkk[38;2;220;170;102mk[38;2;210;163;98mk[38;2;122;93;54m;[38;2;149;110;60mc[38;2;132;99;56m:[38;2;3;2;1m [38;2;0;0;0m           [38;2;204;204;204m [0m
[0m[38;2;140;140;140m [38;2;0;0;0m          [38;2;0;0;0m [38;2;15;12;7m [38;2;175;128;69mo[38;2;126;86;39m;[38;2;158;115;62ml[38;2;192;148;88md[38;2;217;168;101mk[38;2;222;172;103mkk[38;2;212;164;98mk[38;2;222;172;103mk[38;2;222;172;103mk[38;2;204;158;94mx[38;2;177;137;82mo[38;2;178;138;82mo[38;2;185;143;86md[38;2;222;172;103mkk[38;2;217;168;101mk[38;2;218;169;101mk[38;2;222;172;103mk[38;2;213;165;99mk[38;2;186;144;85md[38;2;119;82;37m;[38;2;130;91;44m;[38;2;68;51;29m.[38;2;5;5;5m [38;2;0;0;0m           [38;2;204;204;204m [0m
[0m[38;2;146;146;146m [38;2;12;12;12m            [38;2;47;47;47m [38;2;98;98;98m [38;2;124;124;124m [38;2;147;147;147m [38;2;156;156;156m [38;2;127;127;127m [38;2;144;111;67mc[38;2;222;172;103mkkkkkkkkkk[38;2;84;65;39m'[38;2;112;112;112m [38;2;141;141;141m [38;2;129;129;129m [38;2;100;100;100m [38;2;80;80;80m [38;2;186;186;186m [38;2;178;178;178m            [38;2;240;240;240m [0m
[0m[38;2;255;255;255m                  [38;2;0;0;0m [38;2;7;5;2m [38;2;85;62;33m'[38;2;109;84;50m;[38;2;156;121;72ml[38;2;199;154;92mx[38;2;222;172;103mk[38;2;222;172;103mk[38;2;207;161;96mx[38;2;160;124;74ml[38;2;107;83;49m,[38;2;40;31;19m [38;2;2;2;2m [38;2;0;0;0m    [38;2;12;12;12m [38;2;255;255;255m              [0m
[0m[38;2;255;255;255m                  [38;2;0;0;0m [38;2;6;4;2m [38;2;149;95;36m:[38;2;116;74;27m,[38;2;62;39;15m.[38;2;13;8;3m [38;2;20;16;9m [38;2;32;25;15m [38;2;2;2;1m [38;2;25;16;6m [38;2;76;48;18m.[38;2;46;29;11m.[38;2;0;0;0m     [38;2;12;12;12m [38;2;255;255;255m              [0m
[0m[38;2;255;255;255m                  [38;2;0;0;0m [38;2;5;4;2m [38;2;210;159;92mx[38;2;174;121;59ml[38;2;149;95;36m:[38;2;145;92;34m:[38;2;113;72;27m,[38;2;95;60;22m'[38;2;124;79;29m,[38;2;148;94;35m:[38;2;148;94;35m:[38;2;67;42;16m.[38;2;0;0;0m     [38;2;12;12;12m [38;2;255;255;255m              [0m
[0m[38;2;193;193;193m [38;2;130;130;130m                [38;2;98;90;90m;[38;2;43;1;0m [38;2;74;36;21m.[38;2;222;172;103mkk[38;2;212;162;94mk[38;2;184;132;68mo[38;2;162;109;48mc[38;2;151;97;38m:[38;2;153;100;40m:[38;2;160;106;46mc[38;2;169;116;54ml[38;2;129;88;44m;[38;2;46;0;0m [38;2;50;0;0m [38;2;16;0;0m [38;2;0;0;0m  [38;2;12;12;12m [38;2;255;255;255m              [0m
[0m[38;2;128;128;128m [38;2;0;0;0m    [38;2;0;0;0m [38;2;0;0;0m     [38;2;0;0;0m [38;2;7;0;0m [38;2;19;0;0m [38;2;31;0;0m [38;2;42;0;0m [38;2;54;1;0m [38;2;89;1;0m [38;2;128;56;33m'[38;2;207;157;94mx[38;2;222;172;103mkkkkkkkkk[38;2;208;161;96mx[38;2;150;75;45m;[38;2;104;6;3m.[38;2;110;0;0m.[38;2;33;1;0m [38;2;10;0;0m [38;2;12;12;12m [38;2;255;255;255m              [0m
[0m[38;2;128;128;128m [38;2;0;0;0m [38;2;5;0;0m [38;2;35;1;0m [38;2;69;10;6m [38;2;90;3;1m [38;2;77;1;0m [38;2;59;1;0m [38;2;66;0;0m [38;2;80;0;0m [38;2;95;0;0m [38;2;107;0;0m.[38;2;113;0;0m.[38;2;110;1;0m.[38;2;107;1;0m.[38;2;103;1;0m.[38;2;100;1;0m.[38;2;94;6;3m.[38;2;216;167;100mk[38;2;222;172;103mkkkkkkkkkkkk[38;2;185;136;81mo[38;2;121;0;0m.[38;2;109;1;0m.[38;2;99;2;0m.[38;2;95;4;3m.[38;2;128;65;65m,[38;2;98;65;65m'[38;2;75;65;65m'[38;2;12;12;12m [38;2;65;65;65m      [38;2;246;246;246m [38;2;255;255;255m   [0m
[0m[38;2;128;128;128m [38;2;5;1;1m [38;2;129;63;37m,[38;2;185;130;77mo[38;2;219;170;102mk[38;2;191;137;82md[38;2;108;14;8m.[38;2;108;1;0m.[38;2;111;1;0m.[38;2;114;0;0m.[38;2;117;0;0m.[38;2;116;0;0m.[38;2;113;0;0m.[38;2;110;1;0m.[38;2;107;1;0m.[38;2;103;1;0m.[38;2;100;1;0m.[38;2;97;14;8m.[38;2;222;172;103mkkkkkkkkkkkk[38;2;219;170;102mk[38;2;206;160;96mx[38;2;113;0;0m.[38;2;121;0;0m.[38;2;116;0;0m.[38;2;111;1;0m.[38;2;115;1;0m.[38;2;121;0;0m.[38;2;121;0;0m.[38;2;106;0;0m.[38;2;94;0;0m [38;2;93;0;0m [38;2;88;0;0m [38;2;28;5;3m [38;2;1;1;1m [38;2;0;0;0m [38;2;243;243;243m [38;2;255;255;255m   [0m
[0m[38;2;176;176;176m [38;2;171;171;171m [38;2;207;207;207m    [38;2;166;166;166m [38;2;116;116;116m [38;2;116;116;116m [38;2;116;116;116m [38;2;117;117;117m [38;2;117;117;117m [38;2;116;116;116m [38;2;116;116;116m [38;2;115;115;115m [38;2;115;115;115m [38;2;114;114;114m [38;2;121;121;121m [38;2;199;199;199m [38;2;192;192;192m [38;2;192;192;192m [38;2;193;193;193m [38;2;193;193;193m [38;2;190;190;190m [38;2;207;207;207m  [38;2;194;194;194m [38;2;192;192;192m [38;2;193;193;193m [38;2;192;192;192m [38;2;192;192;192m [38;2;199;199;199m [38;2;115;115;115m [38;2;118;118;118m  [38;2;118;118;118m [38;2;115;115;115m [38;2;118;118;118m [38;2;118;118;118m     [38;2;122;122;122m [38;2;183;183;183m [38;2;120;120;120m [38;2;247;247;247m [38;2;255;255;255m   [0m
[0m[38;2;255;255;255m                                                  [0m
